<?xml version="1.0" encoding="UTF-8"?>
<!DOCTYPE svg PUBLIC "-//W3C//DTD SVG 1.1//EN" "http://www.w3.org/Graphics/SVG/1.1/DTD/svg11.dtd">
<!-- Creator: CorelDRAW X8 -->
<svg xmlns="http://www.w3.org/2000/svg" xml:space="preserve" width="5.5in" height="4.5in" version="1.1" style="shape-rendering:geometricPrecision; text-rendering:geometricPrecision; image-rendering:optimizeQuality; fill-rule:evenodd; clip-rule:evenodd"
viewBox="0 0 5500 4500"
 xmlns:xlink="http://www.w3.org/1999/xlink">
 <defs>
  <style type="text/css">
   <![CDATA[
    .str4 {stroke:black;stroke-width:111.11}
    .str3 {stroke:red;stroke-width:111.11;stroke-linecap:round;stroke-linejoin:round}
    .str2 {stroke:#1A1A1A;stroke-width:166.665;stroke-linecap:round;stroke-linejoin:round}
    .str1 {stroke:#4D4D4D;stroke-width:166.665;stroke-linecap:round;stroke-linejoin:round}
    .str0 {stroke:#FF6600;stroke-width:222.22;stroke-linecap:round;stroke-linejoin:round}
    .fil1 {fill:none}
    .fil2 {fill:white}
    .fil0 {fill:#333333;fill-rule:nonzero}
    .fil3 {fill:#4D4D4D;fill-rule:nonzero}
   ]]>
  </style>
 </defs>
 <g id="Layer_x0020_1">
  <metadata id="CorelCorpID_0Corel-Layer"/>
  <g id="_276954284576">
   <g>
    <path class="fil0" d="M2595 1009c0,64 -12,133 -34,206 -22,74 -59,143 -109,206 -50,63 -116,116 -197,159 -81,43 -179,64 -295,64l-203 0 0 1 -408 0c-121,0 -220,-99 -220,-220l0 0c0,-121 99,-220 220,-220l408 0 0 1 203 0c63,0 111,-20 145,-58 35,-38 52,-86 52,-143 0,-60 -19,-107 -58,-141 -38,-35 -84,-52 -139,-52l-831 0c-63,0 -111,19 -145,58 -35,38 -52,86 -52,143l0 643c0,62 19,109 58,143 38,35 86,52 143,52l199 0 408 0c121,0 220,99 220,219l0 0c0,121 -99,220 -220,220l-408 0 -203 0c-64,0 -132,-11 -206,-33 -75,-23 -143,-59 -206,-109 -63,-51 -116,-116 -159,-197 -42,-81 -64,-179 -64,-295l0 -647c0,-64 12,-132 34,-206 23,-75 59,-143 109,-206 50,-63 116,-116 197,-159 81,-42 179,-63 295,-63l831 0c64,0 133,11 207,33 73,23 142,59 205,109 63,50 116,116 159,197 42,81 64,179 64,295z"/>
    <path class="fil1 str0" d="M2709 454c721,-356 1595,-60 1951,662 356,721 60,1595 -662,1951 -721,356 -1595,60 -1951,-661"/>
    <line class="fil1 str1" x1="3353" y1="517" x2="3353" y2= "795" />
    <line class="fil1 str2" x1="3805" y1="1189" x2="3348" y2= "1768" />
    <line class="fil1 str1" x1="3353" y1="2727" x2="3353" y2= "3005" />
    <line class="fil1 str1" x1="4320" y1="1761" x2="4597" y2= "1761" />
    <line class="fil1 str2" x1="4081" y1="2245" x2="3346" y2= "1756" />
    <line class="fil1 str3" x1="2576" y1="2355" x2="3364" y2= "1757" />
    <path class="fil2 str4" d="M3353 1631c72,0 131,58 131,130 0,72 -59,130 -131,130 -71,0 -130,-58 -130,-130 0,-72 59,-130 130,-130z"/>
   </g>
   <path class="fil3" d="M607 4013l-257 0 0 -82 257 0 0 82zm36 184l-293 0c-12,0 -24,-2 -37,-6 -14,-4 -26,-11 -37,-20 -12,-9 -21,-21 -29,-35 -8,-15 -11,-33 -11,-54l0 -293c0,-6 1,-11 3,-16 2,-5 5,-10 8,-13 4,-4 8,-7 13,-9 5,-2 11,-3 17,-3l366 0 0 81 -326 0 0 253c0,11 3,19 9,25 5,5 13,8 24,8l293 0 0 82zm356 -188l-294 0 0 -73 294 0 0 73zm524 188l-82 0 0 -111 -286 0 0 111 -81 0 0 -225c0,-32 6,-63 17,-90 11,-28 27,-51 47,-71 20,-20 44,-35 71,-47 27,-11 57,-16 89,-16l184 0c5,0 11,1 16,3 5,2 9,5 13,9 4,3 7,8 9,13 2,5 3,10 3,16l0 408zm-368 -192l286 0 0 -176 -143 0c-2,0 -7,1 -15,1 -8,1 -18,3 -28,6 -11,3 -22,7 -34,13 -11,6 -22,15 -32,25 -10,11 -18,24 -24,40 -6,16 -10,35 -10,58l0 33zm761 -65l-142 0 0 257 -83 0 0 -257 -105 0 0 -82 105 0 0 -110 83 0 0 110 142 0 0 82zm361 0l-142 0 0 257 -82 0 0 -257 -106 0 0 -82 106 0 0 -110 82 0 0 110 142 0 0 82zm416 30c0,12 -2,24 -6,37 -4,13 -10,25 -19,36 -9,11 -21,21 -35,28 -14,8 -31,11 -52,11l-147 0 0 -77 147 0c11,0 20,-3 26,-10 6,-7 9,-15 9,-25 0,-11 -4,-19 -10,-25 -7,-6 -15,-9 -25,-9l-147 0c-11,0 -19,3 -25,10 -6,7 -9,15 -9,25l0 114c0,10 3,19 10,25 7,6 15,9 25,9l146 0 0 78 -147 0c-11,0 -23,-2 -36,-6 -13,-4 -25,-11 -36,-20 -12,-8 -21,-20 -28,-34 -8,-15 -12,-32 -12,-52l0 -115c0,-11 2,-23 6,-36 4,-13 11,-25 20,-36 8,-12 20,-21 34,-28 15,-8 32,-12 52,-12l147 0c11,0 24,2 37,6 13,4 25,11 36,20 11,8 20,20 28,34 7,15 11,32 11,52zm430 227l-82 0 0 -188c0,-11 -1,-20 -5,-29 -4,-8 -9,-15 -15,-22 -6,-6 -13,-10 -22,-13 -8,-4 -18,-5 -27,-5l-143 0 0 257 -81 0 0 -298c0,-6 1,-11 3,-16 2,-5 5,-9 9,-13 4,-4 8,-6 13,-9 5,-2 10,-3 16,-3l183 0c11,0 21,2 33,4 11,2 22,6 34,11 11,5 21,12 31,19 10,8 19,18 27,29 8,11 14,24 19,38 5,15 7,31 7,50l0 188zm442 -115c0,14 -2,27 -5,38 -4,11 -8,21 -14,30 -6,8 -13,15 -20,21 -8,6 -16,11 -25,15 -8,3 -17,6 -25,8 -9,2 -17,3 -25,3l-147 0c-14,0 -26,-2 -37,-6 -11,-3 -21,-8 -30,-14 -8,-6 -15,-13 -21,-20 -6,-8 -11,-16 -15,-25 -3,-8 -6,-17 -8,-25 -2,-9 -3,-17 -3,-25l0 -110c0,-21 4,-38 12,-53 8,-14 17,-26 28,-35 12,-9 24,-16 37,-20 14,-4 26,-6 37,-6l147 0 0 82 -146 0c-11,0 -19,3 -25,8 -5,6 -8,14 -8,24l0 110c0,11 3,19 8,25 6,5 14,8 24,8l147 0c11,0 19,-3 25,-8 5,-6 8,-14 8,-25l0 -367 81 0 0 367zm427 3c0,11 -2,23 -6,36 -4,13 -10,25 -19,36 -9,12 -20,21 -35,28 -14,8 -31,12 -52,12l-147 0c-11,0 -23,-2 -36,-6 -13,-4 -25,-11 -36,-20 -12,-8 -21,-20 -28,-34 -8,-15 -12,-32 -12,-52 0,-12 2,-24 6,-37 4,-13 11,-25 19,-36 9,-12 21,-21 35,-28 15,-8 32,-12 52,-12l147 0 0 78 -147 0c-11,0 -19,3 -25,10 -6,7 -9,15 -9,25 0,11 3,19 10,25 7,6 15,9 25,9l146 0c11,0 20,-3 26,-10 6,-7 9,-15 9,-25l0 -114c0,-10 -3,-19 -10,-25 -7,-6 -15,-9 -25,-9l-179 0 0 -78 179 0c11,0 23,2 37,6 13,4 25,11 36,20 11,8 20,20 28,34 7,15 11,32 11,52l0 115zm444 112l-81 0 0 -188c0,-11 -2,-20 -5,-29 -4,-8 -9,-15 -15,-22 -7,-6 -14,-10 -22,-13 -9,-4 -18,-5 -28,-5l-142 0 0 257 -81 0 0 -298c0,-6 1,-11 3,-16 2,-5 5,-9 9,-13 3,-4 8,-6 13,-9 5,-2 10,-3 16,-3l183 0c10,0 21,2 32,4 12,2 23,6 34,11 11,5 22,12 32,19 10,8 19,18 27,29 8,11 14,24 19,38 4,15 6,31 6,50l0 188zm400 0l-221 0c-11,0 -24,-2 -37,-6 -13,-4 -26,-11 -37,-20 -11,-9 -21,-21 -29,-35 -7,-15 -11,-33 -11,-54l0 -110c0,-7 1,-16 3,-24 1,-9 4,-17 8,-26 4,-8 9,-16 15,-24 5,-8 13,-14 21,-20 9,-6 18,-11 29,-14 11,-4 24,-6 38,-6l221 0 0 82 -221 0c-11,0 -19,2 -24,8 -6,5 -9,14 -9,25l0 109c0,11 3,19 9,25 5,5 14,8 25,8l220 0 0 82zm428 -227c0,12 -2,24 -6,37 -4,13 -10,25 -19,36 -9,11 -20,21 -35,28 -14,8 -31,11 -52,11l-147 0 0 -77 147 0c11,0 20,-3 26,-10 6,-7 9,-15 9,-25 0,-11 -3,-19 -10,-25 -7,-6 -15,-9 -25,-9l-147 0c-11,0 -19,3 -25,10 -6,7 -9,15 -9,25l0 114c0,10 3,19 10,25 7,6 15,9 25,9l146 0 0 78 -147 0c-11,0 -23,-2 -36,-6 -13,-4 -25,-11 -36,-20 -11,-8 -21,-20 -28,-34 -8,-15 -12,-32 -12,-52l0 -115c0,-11 2,-23 6,-36 4,-13 11,-25 20,-36 9,-12 20,-21 34,-28 15,-8 32,-12 52,-12l147 0c11,0 24,2 37,6 13,4 25,11 36,20 11,8 20,20 28,34 7,15 11,32 11,52z"/>
  </g>
 </g>
</svg>
